SNP	rs12424789	rs78395520	rs77725183	rs117871635	rs12810368	rs140722239	rs28370683	rs17442143	rs11175405	rs76317623	rs11175620	rs17492159	rs75505347	rs80301154	
rs12424789	1	-0.0704328	-0.00396216	-0.0323729	0.116125	0.049573	0.150059	0.0674145	0.0713824	-0.0133623	-0.0858503	0.116763	-0.136787	-0.0805023	
rs78395520	-0.0704328	1	0.473743	-0.0317249	0.0443291	-0.0543367	-0.099397	0.021151	-0.130064	-0.0226324	-0.00993328	-0.0159821	0.0546006	0.0340526	
rs77725183	-0.00396216	0.473743	1	0.159883	0.0671019	0.619297	-0.0686171	-0.0303158	0.195196	-0.0412575	-0.0608753	-0.0138875	0.023227	-0.0148662	
rs117871635	-0.0323729	-0.0317249	0.159883	1	0.0429162	0.302516	-0.00141229	-0.0295334	-0.014803	0.713396	-0.00735797	-0.0402949	0.0250462	-0.0245973	
rs12810368	0.116125	0.0443291	0.0671019	0.0429162	1	0.058826	0.173308	-0.039562	-0.18068	0.0320142	-0.185599	0.0356447	-0.0402162	0.0320967	
rs140722239	0.049573	-0.0543367	0.619297	0.302516	0.058826	1	-0.0557621	0.0333635	0.291804	0.354146	-0.0727028	-0.0128651	-0.0357002	-0.0421289	
rs28370683	0.150059	-0.099397	-0.0686171	-0.00141229	0.173308	-0.0557621	1	0.0462472	0.537555	-0.0237798	0.017779	-0.0124529	-0.0514637	-0.0770656	
rs17442143	0.0674145	0.021151	-0.0303158	-0.0295334	-0.039562	0.0333635	0.0462472	1	0.0263332	0.0138966	-0.083762	0.0407051	-0.324833	0.016399	
rs11175405	0.0713824	-0.130064	0.195196	-0.014803	-0.18068	0.291804	0.537555	0.0263332	1	-0.0481579	-0.0284117	-0.0935029	0.0101183	-0.0751688	
rs76317623	-0.0133623	-0.0226324	-0.0412575	0.713396	0.0320142	0.354146	-0.0237798	0.0138966	-0.0481579	1	0.0132702	-0.0458516	-0.0148699	-0.0175476	
rs11175620	-0.0858503	-0.00993328	-0.0608753	-0.00735797	-0.185599	-0.0727028	0.017779	-0.083762	-0.0284117	0.0132702	1	-0.0566403	-0.0263229	-0.0544245	
rs17492159	0.116763	-0.0159821	-0.0138875	-0.0402949	0.0356447	-0.0128651	-0.0124529	0.0407051	-0.0935029	-0.0458516	-0.0566403	1	-0.0297829	0.0407028	
rs75505347	-0.136787	0.0546006	0.023227	0.0250462	-0.0402162	-0.0357002	-0.0514637	-0.324833	0.0101183	-0.0148699	-0.0263229	-0.0297829	1	-0.0175476	
rs80301154	-0.0805023	0.0340526	-0.0148662	-0.0245973	0.0320967	-0.0421289	-0.0770656	0.016399	-0.0751688	-0.0175476	-0.0544245	0.0407028	-0.0175476	1	
