SNP	rs772504	rs6847090	rs4502649	rs2220909	rs55969938	rs73830692	rs28647362	rs10029694	rs356228	rs356218	rs60838312	rs76163516	rs10516845	rs9995651	rs3822095	rs1372519	rs146849959	rs7697570	rs76106880	rs149585168	rs17016701	rs111227179	rs1812227	rs71609600	
rs772504	1	0.0528391	-0.199271	0.0489136	0.153421	0.0104364	0.195472	0.172119	-0.119684	-0.217838	0.0223066	0.00243249	-0.207651	-0.0041704	0.0987739	0.0183191	-0.20118	0.11102	0.130625	0.0171776	-0.116486	0.115969	-0.124922	0.155345	
rs6847090	0.0528391	1	-0.0821935	0.0297254	-0.0244384	0.0942981	0.12517	0.0083859	0.0431504	0.073804	-0.0215283	0.0796751	-0.120458	-0.026295	0.125107	-0.0444074	0.0216683	0.1145	-0.0409525	0.023224	-0.119141	-0.0954731	-0.0483107	-0.0389564	
rs4502649	-0.199271	-0.0821935	1	-0.219042	-0.610485	-0.123122	-0.359468	-0.430147	-0.184531	0.103194	0.0733257	-0.0636886	0.173095	0.221166	-0.262613	-0.0216016	0.0908471	-0.272036	-0.00793979	-0.120475	0.196455	-0.305376	-0.0248262	-0.0928247	
rs2220909	0.0489136	0.0297254	-0.219042	1	-0.0884236	-0.0430856	-0.0130975	0.0814805	0.0408769	0.0651326	0.0271379	0.316123	0.0114295	0.0196026	-0.0270929	0.0596203	-0.0308278	-0.0307016	0.0121981	-0.00552906	0.045016	-0.0582427	-0.0794115	0.0248808	
rs55969938	0.153421	-0.0244384	-0.610485	-0.0884236	1	0.198008	-0.192197	0.709988	0.487022	0.00563431	-0.317282	-0.126642	0.168409	-0.323062	0.183461	0.025826	-0.0446068	0.198003	0.0805708	0.175891	-0.180668	0.518763	0.181494	0.034427	
rs73830692	0.0104364	0.0942981	-0.123122	-0.0430856	0.198008	1	-0.0456938	0.282949	0.240725	-0.00974656	-0.201901	-0.0581278	0.0492562	-0.201943	0.0565394	0.056131	-0.0231707	0.0494619	-0.141472	0.0831148	-0.0869091	0.0670431	0.0341968	0.047791	
rs28647362	0.195472	0.12517	-0.359468	-0.0130975	-0.192197	-0.0456938	1	-0.19034	-0.323802	-0.205546	0.162255	0.0286028	-0.452698	0.113837	0.147572	-0.0227187	-0.0783026	0.137367	0.0830857	-0.0544013	-0.116231	-0.165164	-0.202683	0.11235	
rs10029694	0.172119	0.0083859	-0.430147	0.0814805	0.709988	0.282949	-0.19034	1	0.716877	0.12897	-0.352043	0.175149	0.206026	-0.266092	0.25546	0.123498	-0.0507303	0.269286	0.0941315	0.213089	-0.190188	0.433131	0.0862372	0.0727891	
rs356228	-0.119684	0.0431504	-0.184531	0.0408769	0.487022	0.240725	-0.323802	0.716877	1	0.575593	-0.255064	0.119182	0.358398	-0.283095	0.344396	0.050765	0.110258	0.33472	-0.119967	0.134224	-0.0813139	0.285867	0.201361	-0.0862686	
rs356218	-0.217838	0.073804	0.103194	0.0651326	0.00563431	-0.00974656	-0.205546	0.12897	0.575593	1	0.0934278	0.301599	0.361805	0.112692	0.310077	0.00229152	0.206761	0.279425	0.0160527	-0.0681231	-0.0098866	-0.0529465	0.123427	-0.129654	
rs60838312	0.0223066	-0.0215283	0.0733257	0.0271379	-0.317282	-0.201901	0.162255	-0.352043	-0.255064	0.0934278	1	0.058948	-0.193881	-0.0178776	0.0407897	0.0436089	0.029839	0.0601626	-0.0257788	0.0317139	-0.000589131	-0.0364662	-0.0717573	0.0215654	
rs76163516	0.00243249	0.0796751	-0.0636886	0.316123	-0.126642	-0.0581278	0.0286028	0.175149	0.119182	0.301599	0.058948	1	0.046796	0.0745787	0.101819	0.235636	0.0057187	0.117471	0.00980092	0.0343132	0.0173861	-0.0729684	-0.113712	0.0440104	
rs10516845	-0.207651	-0.120458	0.173095	0.0114295	0.168409	0.0492562	-0.452698	0.206026	0.358398	0.361805	-0.193881	0.046796	1	-0.0236921	-0.327707	0.287614	0.0978053	-0.323673	0.157986	0.0291062	0.179284	0.0169619	0.159522	-0.110188	
rs9995651	-0.0041704	-0.026295	0.221166	0.0196026	-0.323062	-0.201943	0.113837	-0.266092	-0.283095	0.112692	-0.0178776	0.0745787	-0.0236921	1	-0.178908	0.129038	0.0514415	-0.175969	0.471625	-0.196825	0.114617	-0.244685	-0.0795517	-0.0123016	
rs3822095	0.0987739	0.125107	-0.262613	-0.0270929	0.183461	0.0565394	0.147572	0.25546	0.344396	0.310077	0.0407897	0.101819	-0.327707	-0.178908	1	0.280162	0.0425533	0.934721	-0.0522359	0.0716356	-0.175607	0.157092	0.0185143	0.061661	
rs1372519	0.0183191	-0.0444074	-0.0216016	0.0596203	0.025826	0.056131	-0.0227187	0.123498	0.050765	0.00229152	0.0436089	0.235636	0.287614	0.129038	0.280162	1	0.202108	0.29413	0.0859335	0.00107205	0.0863498	0.0601956	0.0257576	0.0664672	
rs146849959	-0.20118	0.0216683	0.0908471	-0.0308278	-0.0446068	-0.0231707	-0.0783026	-0.0507303	0.110258	0.206761	0.029839	0.0057187	0.0978053	0.0514415	0.0425533	0.202108	1	0.0300845	0.026873	-0.0322432	-0.0150911	-0.042456	0.0753604	0.0040304	
rs7697570	0.11102	0.1145	-0.272036	-0.0307016	0.198003	0.0494619	0.137367	0.269286	0.33472	0.279425	0.0601626	0.117471	-0.323673	-0.175969	0.934721	0.29413	0.0300845	1	-0.0406736	0.136868	-0.18146	0.179882	0.00933288	0.0842262	
rs76106880	0.130625	-0.0409525	-0.00793979	0.0121981	0.0805708	-0.141472	0.0830857	0.0941315	-0.119967	0.0160527	-0.0257788	0.00980092	0.157986	0.471625	-0.0522359	0.0859335	0.026873	-0.0406736	1	0.0147428	0.0846952	0.00494241	-0.0626251	0.0328878	
rs149585168	0.0171776	0.023224	-0.120475	-0.00552906	0.175891	0.0831148	-0.0544013	0.213089	0.134224	-0.0681231	0.0317139	0.0343132	0.0291062	-0.196825	0.0716356	0.00107205	-0.0322432	0.136868	0.0147428	1	-0.100376	0.128045	0.0159672	0.0275801	
rs17016701	-0.116486	-0.119141	0.196455	0.045016	-0.180668	-0.0869091	-0.116231	-0.190188	-0.0813139	-0.0098866	-0.000589131	0.0173861	0.179284	0.114617	-0.175607	0.0863498	-0.0150911	-0.18146	0.0846952	-0.100376	1	-0.0262241	-0.034296	-0.0970192	
rs111227179	0.115969	-0.0954731	-0.305376	-0.0582427	0.518763	0.0670431	-0.165164	0.433131	0.285867	-0.0529465	-0.0364662	-0.0729684	0.0169619	-0.244685	0.157092	0.0601956	-0.042456	0.179882	0.00494241	0.128045	-0.0262241	1	0.155804	0.062589	
rs1812227	-0.124922	-0.0483107	-0.0248262	-0.0794115	0.181494	0.0341968	-0.202683	0.0862372	0.201361	0.123427	-0.0717573	-0.113712	0.159522	-0.0795517	0.0185143	0.0257576	0.0753604	0.00933288	-0.0626251	0.0159672	-0.034296	0.155804	1	-0.180682	
rs71609600	0.155345	-0.0389564	-0.0928247	0.0248808	0.034427	0.047791	0.11235	0.0727891	-0.0862686	-0.129654	0.0215654	0.0440104	-0.110188	-0.0123016	0.061661	0.0664672	0.0040304	0.0842262	0.0328878	0.0275801	-0.0970192	0.062589	-0.180682	1	
