Locus	Dataset1	Dataset2	nSNPs_locus	nSNPs_overlap	PP.H0.abf	PP.H1.abf	PP.H2.abf	PP.H3.abf	PP.H4.abf
GBF1	./Data/GWAS/Nalls23andMe_2019	Fairfax_2014_CD14	389205	3648	0.000498215205752652	0.670632656972573	0.000215969941156986	0.290672728099309	0.037980429781209
INPP5F	./Data/GWAS/Nalls23andMe_2019	Fairfax_2014_CD14	389205	5630	8.54423011993284e-22	0.555983326692825	5.98039821049324e-22	0.389096781940839	0.0549198913663319
ITGA8	./Data/GWAS/Nalls23andMe_2019	Fairfax_2014_CD14	389205	5844	1.22774105186249e-08	0.652328319595449	5.92409772900609e-09	0.314728603019228	0.0329430591838144
RNF141	./Data/GWAS/Nalls23andMe_2019	Fairfax_2014_CD14	389205	6538	5.17637015535382e-06	0.0248771532797407	5.87454839410842e-05	0.281631902239883	0.693427022626281
IGSF9B	./Data/GWAS/Nalls23andMe_2019	Fairfax_2014_CD14	389205	5866	2.90272892681628e-14	0.609032243461812	1.66434038076089e-14	0.349159574908126	0.0418081816300159
DLG2	./Data/GWAS/Nalls23andMe_2019	Fairfax_2014_CD14	389205	4665	7.54490761055919e-05	0.516078254141861	6.27530506922292e-05	0.429181732348594	0.0546018113827479
HIP1R	./Data/GWAS/Nalls23andMe_2019	Fairfax_2014_CD14	389205	3889	1.63943448019763e-21	0.514134510867808	1.41874010638248e-21	0.444882714667578	0.0409827744646115
FBRSL1	./Data/GWAS/Nalls23andMe_2019	Fairfax_2014_CD14	389205	0					
LRRK2	./Data/GWAS/Nalls23andMe_2019	Fairfax_2014_CD14	389205	539	8.60699787792892e-33	1.74380743515351e-11	4.93538006134614e-22	0.999924935763675	7.50642188840626e-05
SCAF11	./Data/GWAS/Nalls23andMe_2019	Fairfax_2014_CD14	389205	0					
SP1	./Data/GWAS/Nalls23andMe_2019	Fairfax_2014_CD14	389205	59	4.36615710925815e-16	1.34977150222647e-17	0.723991324989151	0.0221278804172831	0.253880794593568
CAB39L	./Data/GWAS/Nalls23andMe_2019	Fairfax_2014_CD14	389205	4448	0.001280070752475	0.363482417283032	0.00107999976120049	0.306343456346378	0.327814055856914
MBNL2	./Data/GWAS/Nalls23andMe_2019	Fairfax_2014_CD14	389205	4161	2.03128012999486e-06	0.0013755515539287	0.00147230815391602	0.997024232840024	0.000125876172001607
MIPOL1	./Data/GWAS/Nalls23andMe_2019	Fairfax_2014_CD14	389205	4346	0.0019684916171423	0.640280323488343	0.000956144557995019	0.310953983155133	0.0458410571813866
GCH1	./Data/GWAS/Nalls23andMe_2019	Fairfax_2014_CD14	389205	4584	4.83088751206436e-16	9.53876710311429e-06	5.06429779017914e-11	0.999964411969591	2.60492126600777e-05
ATG14	./Data/GWAS/Nalls23andMe_2019	Fairfax_2014_CD14	389205	3094	5.10386718165016e-16	1.00777738701943e-05	5.06429383719582e-11	0.999963457831831	2.64643436559254e-05
RPS6KL1	./Data/GWAS/Nalls23andMe_2019	Fairfax_2014_CD14	389205	4245	0.00012766620751565	0.662707828446281	5.77499852763539e-05	0.29973943407391	0.037367321287017
GALC	./Data/GWAS/Nalls23andMe_2019	Fairfax_2014_CD14	389205	5173	2.13446938593458e-13	2.01951815403624e-08	1.05678314775887e-05	0.99987027762195	0.000119134351177016
VPS13C	./Data/GWAS/Nalls23andMe_2019	Fairfax_2014_CD14	389205	4930	5.3003776272753e-14	0.0187603486818281	2.76889655821899e-12	0.980032075879595	0.0012075754357548
SYT17	./Data/GWAS/Nalls23andMe_2019	Fairfax_2014_CD14	389205	3694	9.70743338540103e-06	0.333039658746742	6.23658467123994e-06	0.213509406493037	0.453434990742165
CD19	./Data/GWAS/Nalls23andMe_2019	Fairfax_2014_CD14	389205	2204	0.000143134767020717	0.745948205559042	2.63150302643197e-05	0.137024173413781	0.116858171229893
SETD1A	./Data/GWAS/Nalls23andMe_2019	Fairfax_2014_CD14	389205	2263	4.83548559189713e-15	0.823143212938953	7.53892320010797e-16	0.128286285369572	0.0485705016914671
NOD2	./Data/GWAS/Nalls23andMe_2019	Fairfax_2014_CD14	389205	4255	6.12799861949597e-40	1.34815501937339e-36	0.000454335212961592	0.999533989333556	1.16754534873646e-05
CASC16	./Data/GWAS/Nalls23andMe_2019	Fairfax_2014_CD14	389205	3891	7.48676142872129e-12	8.52305783610886e-05	8.78274080644878e-08	0.999842230065937	7.2451520806452e-05
CHD9	./Data/GWAS/Nalls23andMe_2019	Fairfax_2014_CD14	389205	4375	7.56060109399475e-12	8.6071181726554e-05	8.78272756035479e-08	0.999840720626242	7.31203571952273e-05
ATP6V0A1	./Data/GWAS/Nalls23andMe_2019	Fairfax_2014_CD14	389205	3186	8.27628941698167e-05	0.361803139625043	0.000141392938154099	0.618088139061598	0.0198845654810347
RETREG3	./Data/GWAS/Nalls23andMe_2019	Fairfax_2014_CD14	389205	2940	8.39311043665263e-05	0.366909810423967	0.000140151309974259	0.612659573643836	0.0202065335178573
FAM171A2	./Data/GWAS/Nalls23andMe_2019	Fairfax_2014_CD14	389205	502	2.54506214154848e-19	0.893318211921714	9.49970418776684e-21	0.0332706027790822	0.0734111852992056
CRHR1	./Data/GWAS/Nalls23andMe_2019	Fairfax_2014_CD14	389205	286	6.82979754924663e-20	0.910664626131533	2.1239131253726e-21	0.028258540817499	0.061076833050971
WNT3	./Data/GWAS/Nalls23andMe_2019	Fairfax_2014_CD14	389205	2374	5.90695111278993e-61	0.754536858368216	1.55996075488347e-61	0.199218632530237	0.0462445091015455
BRIP1	./Data/GWAS/Nalls23andMe_2019	Fairfax_2014_CD14	389205	2776	3.67582747973701e-05	0.788589401770714	7.77646512064162e-06	0.166786916922894	0.0445791465664755
CHRNB1	./Data/GWAS/Nalls23andMe_2019	Fairfax_2014_CD14	389205	4892	8.07547580534374e-40	1.63145695394012e-37	5.15885786570182e-05	0.00943172311807279	0.990516688303277
DNAH17	./Data/GWAS/Nalls23andMe_2019	Fairfax_2014_CD14	389205	6642	6.31390833638357e-05	0.589106344854263	4.08513506066234e-05	0.381125534140998	0.0296641305707692
ASXL3	./Data/GWAS/Nalls23andMe_2019	Fairfax_2014_CD14	389205	332	0.00586520704556572	0.932068778957072	0.000131072094672545	0.0207881617656112	0.0411467801370781
RIT2	./Data/GWAS/Nalls23andMe_2019	Fairfax_2014_CD14	389205	4859	4.98309444720002e-17	0.696905089130249	1.93006610120963e-17	0.269894030590629	0.033200880279121
MEX3C	./Data/GWAS/Nalls23andMe_2019	Fairfax_2014_CD14	389205	4741	1.53560804805582e-09	1.09260927325833e-06	5.10011249829873e-05	0.0353234779790482	0.964624426751086
SPPL2B	./Data/GWAS/Nalls23andMe_2019	Fairfax_2014_CD14	389205	5338	0.000271315266338086	0.521598715581835	0.000195901303940355	0.376515311644684	0.101418756203202
KRTCAP2	./Data/GWAS/Nalls23andMe_2019	Fairfax_2014_CD14	389205	2900	1.41022910392332e-62	0.620243379122849	7.15065324224731e-63	0.314432889187647	0.0653237316895035
FCGR2A	./Data/GWAS/Nalls23andMe_2019	Fairfax_2014_CD14	389205	5131	5.53606077378691e-15	1.25375085467315e-09	4.41553489886545e-06	0.999985517460321	1.00657510203732e-05
VAMP4	./Data/GWAS/Nalls23andMe_2019	Fairfax_2014_CD14	389205	5045	1.51572442008457e-85	6.08297110449819e-82	2.42429977432708e-05	0.0963894656676074	0.903586291334658
NUCKS1	./Data/GWAS/Nalls23andMe_2019	Fairfax_2014_CD14	389205	3899	7.93571631428306e-32	5.53913121730622e-09	6.52964449389277e-24	0.455224511391953	0.544775483068916
ITPKB	./Data/GWAS/Nalls23andMe_2019	Fairfax_2014_CD14	389205	5289	4.765505743527e-10	0.605112692356708	2.64253525299127e-10	0.33548349712094	0.0594038097815483
SIPA1L2	./Data/GWAS/Nalls23andMe_2019	Fairfax_2014_CD14	389205	5890	1.12931935170132e-41	5.73349144115576e-31	1.96968873725434e-11	0.999999999980119	1.77753488986699e-13
CRLS1	./Data/GWAS/Nalls23andMe_2019	Fairfax_2014_CD14	389205	5918	1.50553357795647e-26	2.27400521013568e-23	0.000661587571395332	0.999282594759982	5.58176686231489e-05
DYRK1A	./Data/GWAS/Nalls23andMe_2019	Fairfax_2014_CD14	389205	5277	3.90519979217144e-09	0.000714054733856132	1.66345080730628e-06	0.30346145124545	0.695822826664686
MAP4K4	./Data/GWAS/Nalls23andMe_2019	Fairfax_2014_CD14	389205	4768	7.78543463833169e-09	0.0746334005741433	8.47141988259258e-08	0.811981125587135	0.11338538133909
TMEM163	./Data/GWAS/Nalls23andMe_2019	Fairfax_2014_CD14	389205	486	8.32855201886277e-08	0.922533929784933	3.1905689796894e-09	0.0352990079657585	0.0421669757732194
STK39	./Data/GWAS/Nalls23andMe_2019	Fairfax_2014_CD14	389205	4655	2.06056123563109e-78	6.41323538615637e-46	3.21298238963605e-33	1	5.33874232545502e-33
KCNS3	./Data/GWAS/Nalls23andMe_2019	Fairfax_2014_CD14	389205	5748	0.00506051327338706	0.455259851594106	0.00544635051265627	0.489926688868474	0.0443065957513761
KCNIP3	./Data/GWAS/Nalls23andMe_2019	Fairfax_2014_CD14	389205	880	0.000856652138235996	0.872762213628437	7.56363461852497e-05	0.0770094562581519	0.0492960416289902
KPNA1	./Data/GWAS/Nalls23andMe_2019	Fairfax_2014_CD14	389205	4952	1.29993231827479e-09	0.000860842551566506	5.7145268331565e-07	0.377806667055291	0.621331917640526
MED12L	./Data/GWAS/Nalls23andMe_2019	Fairfax_2014_CD14	389205	4614	5.41331541750996e-06	0.670994859372579	2.39395078865721e-06	0.29670428128166	0.0322930520795547
SPTSSB	./Data/GWAS/Nalls23andMe_2019	Fairfax_2014_CD14	389205	0					
SATB1	./Data/GWAS/Nalls23andMe_2019	Fairfax_2014_CD14	389205	3765	1.98908378554553e-07	0.559362063150881	1.21381461560578e-07	0.341244623081607	0.0993929934776718
MCCC1	./Data/GWAS/Nalls23andMe_2019	Fairfax_2014_CD14	389205	3977	1.84089705681648e-30	0.0109550660136398	1.66106255220146e-28	0.988487628101985	0.00055730588437825
LINC00693	./Data/GWAS/Nalls23andMe_2019	Fairfax_2014_CD14	389205	0					
IP6K2	./Data/GWAS/Nalls23andMe_2019	Fairfax_2014_CD14	389205	2013	5.54310277722564e-06	0.121360279876499	3.89668761985869e-05	0.853112406105955	0.0254828040385712
TMEM175	./Data/GWAS/Nalls23andMe_2019	Fairfax_2014_CD14	389205	4903	3.63409328480984e-64	0.1784488753659	1.50358646857105e-63	0.738239271811745	0.083311852822353
CAMK2D	./Data/GWAS/Nalls23andMe_2019	Fairfax_2014_CD14	389205	4793	2.55981859433e-11	1.69693363706961e-05	1.50845268245878e-06	0.999970886701548	1.06354837999441e-05
BST1	./Data/GWAS/Nalls23andMe_2019	Fairfax_2014_CD14	389205	5768	1.76739394495394e-67	3.97026106505905e-46	7.99959185250366e-24	0.0169872128997294	0.983012787100263
CLCN3	./Data/GWAS/Nalls23andMe_2019	Fairfax_2014_CD14	389205	4959	4.24205733783832e-05	0.326246241461079	4.93061800116569e-05	0.378907000827522	0.294755030958009
LCORL	./Data/GWAS/Nalls23andMe_2019	Fairfax_2014_CD14	389205	5416	3.22074863972274e-06	0.62147324520508	1.79097231499123e-06	0.345551706439662	0.0329700366343028
FAM47E-STBD1	./Data/GWAS/Nalls23andMe_2019	Fairfax_2014_CD14	389205	0					
SNCA	./Data/GWAS/Nalls23andMe_2019	Fairfax_2014_CD14	389205	5196	3.75243722390426e-207	2.75312676153296e-61	1.36297292094704e-146	1	7.1972020155822e-42
PAM	./Data/GWAS/Nalls23andMe_2019	Fairfax_2014_CD14	389205	4169	4.21960756719275e-244	5.09545139390208e-240	8.28031692224724e-05	0.999902268199628	1.4928631195341e-05
C5orf24	./Data/GWAS/Nalls23andMe_2019	Fairfax_2014_CD14	389205	0					
ELOVL7	./Data/GWAS/Nalls23andMe_2019	Fairfax_2014_CD14	389205	4140	7.97880159338834e-18	0.662087178670211	3.51982723735521e-18	0.292032128480632	0.0458806928491561
FYN	./Data/GWAS/Nalls23andMe_2019	Fairfax_2014_CD14	389205	4392	0.000176033732084662	0.52322005648575	0.000145650743902083	0.432869976345864	0.0435882826923986
RPS12	./Data/GWAS/Nalls23andMe_2019	Fairfax_2014_CD14	389205	4988	3.69358494336057e-05	0.632158551729615	1.83545284399142e-05	0.314084792650259	0.0537013652422526
LOC100131289	./Data/GWAS/Nalls23andMe_2019	Fairfax_2014_CD14	389205	0					
TRIM40	./Data/GWAS/Nalls23andMe_2019	Fairfax_2014_CD14	389205	1519	0.372252908542347	0.45793552590136	0.0623973701367348	0.0767288828539163	0.0306853125656419
HLA-DRB5	./Data/GWAS/Nalls23andMe_2019	Fairfax_2014_CD14	389205	2074	5.79650846142246e-77	5.82058128466728e-56	9.95864189147543e-22	1	6.51982193672228e-20
RIMS1	./Data/GWAS/Nalls23andMe_2019	Fairfax_2014_CD14	389205	5610	5.2152550810011e-05	0.639952034209011	2.61517288169413e-05	0.320862781801667	0.0391068797096956
GPNMB	./Data/GWAS/Nalls23andMe_2019	Fairfax_2014_CD14	389205	58	1.45768963850013e-50	4.50126479903984e-31	1.01800515914014e-21	0.0304659009005857	0.969534099099413
GS1-124K5.11	./Data/GWAS/Nalls23andMe_2019	Fairfax_2014_CD14	389205	0					
CTSB	./Data/GWAS/Nalls23andMe_2019	Fairfax_2014_CD14	389205	4860	2.57305502314688e-30	2.86953365115397e-20	8.96675274178001e-11	0.9999941062667	5.89364363070416e-06
FAM49B	./Data/GWAS/Nalls23andMe_2019	Fairfax_2014_CD14	389205	5733	0.000483186623219538	0.181085466468997	0.00215277546329058	0.806793373655083	0.00948519778941
FGF20	./Data/GWAS/Nalls23andMe_2019	Fairfax_2014_CD14	389205	7196	2.54621723797954e-10	0.559115841061375	1.77041121104904e-10	0.388706856501268	0.0521773020056955
BIN3	./Data/GWAS/Nalls23andMe_2019	Fairfax_2014_CD14	389205	5480	0.000222685860826061	0.102395332446217	0.00174919901857634	0.804224655574956	0.0914081270994247
SH3GL2	./Data/GWAS/Nalls23andMe_2019	Fairfax_2014_CD14	389205	6561	3.14504679518029e-12	0.623427359790585	1.71598580094047e-12	0.340115078166423	0.0364575620381291
UBAP2	./Data/GWAS/Nalls23andMe_2019	Fairfax_2014_CD14	389205	4539	0.000282832159782062	0.532270402952284	0.000230110285168654	0.433017311859388	0.0341993427433785
GBF1	./Data/GWAS/Nalls23andMe_2019	Fairfax_2014_IFN	389205	3648	0.000486523808698233	0.654895215441696	0.000223104234813324	0.300269843524353	0.044125312990439
INPP5F	./Data/GWAS/Nalls23andMe_2019	Fairfax_2014_IFN	389205	5630	8.12405972272515e-22	0.528642333772657	6.38201817774058e-22	0.415229467773087	0.0561281984542554
ITGA8	./Data/GWAS/Nalls23andMe_2019	Fairfax_2014_IFN	389205	5844	1.20917246179187e-08	0.642462381546339	6.17185720953507e-09	0.327895960927458	0.029641639262621
RNF141	./Data/GWAS/Nalls23andMe_2019	Fairfax_2014_IFN	389205	6538	0.000122012127595465	0.586378931390809	6.72831362624619e-05	0.323266326401258	0.090165446944076
IGSF9B	./Data/GWAS/Nalls23andMe_2019	Fairfax_2014_IFN	389205	5866	2.88977489432242e-14	0.606314310209855	1.56836013966273e-14	0.328998728361517	0.0646869614285852
DLG2	./Data/GWAS/Nalls23andMe_2019	Fairfax_2014_IFN	389205	4665	7.85291906384626e-05	0.537146505904895	6.38475395189284e-05	0.436696718694412	0.0260143986705368
HIP1R	./Data/GWAS/Nalls23andMe_2019	Fairfax_2014_IFN	389205	3889	1.74638073892957e-21	0.547673370204023	9.63269385892932e-22	0.301935505281847	0.150391124514127
FBRSL1	./Data/GWAS/Nalls23andMe_2019	Fairfax_2014_IFN	389205	0					
LRRK2	./Data/GWAS/Nalls23andMe_2019	Fairfax_2014_IFN	389205	539	1.26198445688047e-33	2.55682400549849e-12	1.48743707438194e-23	0.02916515294355	0.970834847053895
SCAF11	./Data/GWAS/Nalls23andMe_2019	Fairfax_2014_IFN	389205	0					
SP1	./Data/GWAS/Nalls23andMe_2019	Fairfax_2014_IFN	389205	59	1.4857578213974e-06	4.59313193810616e-08	0.711770536547135	0.0217374723461948	0.266490459417529
CAB39L	./Data/GWAS/Nalls23andMe_2019	Fairfax_2014_IFN	389205	4448	1.1114308384599e-14	3.1559628014718e-12	0.00350917907023721	0.996448699999493	4.21209271060551e-05
MBNL2	./Data/GWAS/Nalls23andMe_2019	Fairfax_2014_IFN	389205	4161	2.2044218650186e-14	1.49280046467467e-11	0.0014745035905347	0.998511060074406	1.4436320108256e-05
MIPOL1	./Data/GWAS/Nalls23andMe_2019	Fairfax_2014_IFN	389205	4346	0.00170242525321281	0.553738396622809	0.00127363366525056	0.414238694038478	0.0290468504202497
GCH1	./Data/GWAS/Nalls23andMe_2019	Fairfax_2014_IFN	389205	4584	1.31361865178443e-13	0.00259378889497764	5.31609457895387e-12	0.104074933788128	0.893331277311446
ATG14	./Data/GWAS/Nalls23andMe_2019	Fairfax_2014_IFN	389205	3094	1.34082883050156e-13	0.00264751594653819	5.23821308907167e-12	0.1025356313089	0.894816852739188
RPS6KL1	./Data/GWAS/Nalls23andMe_2019	Fairfax_2014_IFN	389205	4245	0.000140016228465243	0.726816066045238	4.48885437923353e-05	0.232973784420475	0.0400252447620303
GALC	./Data/GWAS/Nalls23andMe_2019	Fairfax_2014_IFN	389205	5173	4.26252694482416e-26	4.03296978811991e-21	1.05690336330372e-05	0.999984132829594	5.29813677454366e-06
VPS13C	./Data/GWAS/Nalls23andMe_2019	Fairfax_2014_IFN	389205	4930	1.77961938708109e-12	0.629884935948325	9.01032064062693e-13	0.318863302709995	0.0512517613389977
SYT17	./Data/GWAS/Nalls23andMe_2019	Fairfax_2014_IFN	389205	3694	1.00051497364499e-05	0.343253620359473	9.43663329812365e-06	0.323415820971071	0.333311116886422
CD19	./Data/GWAS/Nalls23andMe_2019	Fairfax_2014_IFN	389205	2204	0.000149917668495128	0.781297361383555	2.95534229430013e-05	0.153953376171898	0.0645697913531098
SETD1A	./Data/GWAS/Nalls23andMe_2019	Fairfax_2014_IFN	389205	2263	4.18249644619103e-15	0.711985073141892	9.89700662353131e-16	0.168356778721475	0.119658148136631
NOD2	./Data/GWAS/Nalls23andMe_2019	Fairfax_2014_IFN	389205	4255	2.31479753156856e-08	5.09253690281339e-05	4.56868040076001e-05	0.0996103270954218	0.900293037583568
CASC16	./Data/GWAS/Nalls23andMe_2019	Fairfax_2014_IFN	389205	3891	1.25496523707023e-14	1.42867398670169e-07	8.78412370113026e-08	0.999999733588162	3.57031919528363e-08
CHD9	./Data/GWAS/Nalls23andMe_2019	Fairfax_2014_IFN	389205	4375	1.27914123282833e-14	1.45619635444255e-07	8.78412367809059e-08	0.999999730151722	3.6387394140333e-08
ATP6V0A1	./Data/GWAS/Nalls23andMe_2019	Fairfax_2014_IFN	389205	3186	0.000155095571272853	0.678009936594539	5.16750978488878e-05	0.225804926014378	0.0959783667219612
RETREG3	./Data/GWAS/Nalls23andMe_2019	Fairfax_2014_IFN	389205	2940	0.000158804289696418	0.694222389503832	4.74270595161963e-05	0.207231869563584	0.0983395095833719
FAM171A2	./Data/GWAS/Nalls23andMe_2019	Fairfax_2014_IFN	389205	502	2.54695503977639e-19	0.893982620241141	1.38596459018557e-20	0.048590005994526	0.0574273737643305
CRHR1	./Data/GWAS/Nalls23andMe_2019	Fairfax_2014_IFN	389205	286	6.43961276032152e-20	0.858638562054729	2.0477321827139e-21	0.0271896721496707	0.114171765795597
WNT3	./Data/GWAS/Nalls23andMe_2019	Fairfax_2014_IFN	389205	2374	5.94009053027434e-61	0.758769991752831	1.26685433968009e-61	0.161744825738678	0.0794851825084855
BRIP1	./Data/GWAS/Nalls23andMe_2019	Fairfax_2014_IFN	389205	2776	2.90322100251147e-05	0.622839163752726	1.50133475579824e-05	0.322032032621342	0.0550847580683496
CHRNB1	./Data/GWAS/Nalls23andMe_2019	Fairfax_2014_IFN	389205	4892	9.41013114728575e-34	1.90109217930774e-31	2.9775027015013e-05	0.00502038300631626	0.994949841966667
DNAH17	./Data/GWAS/Nalls23andMe_2019	Fairfax_2014_IFN	389205	6642	6.3350005165038e-05	0.591074307718727	4.01881737580209e-05	0.374933673410081	0.0338884806922694
ASXL3	./Data/GWAS/Nalls23andMe_2019	Fairfax_2014_IFN	389205	332	0.00572422449971309	0.909664552073646	0.000174472451906963	0.0276695046392437	0.0567672463354907
RIT2	./Data/GWAS/Nalls23andMe_2019	Fairfax_2014_IFN	389205	4859	4.4303486820387e-17	0.619601449631188	2.15508786604327e-17	0.301318317967086	0.0790802324017278
MEX3C	./Data/GWAS/Nalls23andMe_2019	Fairfax_2014_IFN	389205	4741	3.50788940491052e-09	2.49591847230965e-06	5.60159136573759e-05	0.0388951570763871	0.961046327583594
SPPL2B	./Data/GWAS/Nalls23andMe_2019	Fairfax_2014_IFN	389205	5338	0.000282981054649069	0.544025983613541	0.000218837794058465	0.420676924499562	0.0347952730381908
KRTCAP2	./Data/GWAS/Nalls23andMe_2019	Fairfax_2014_IFN	389205	2900	1.54040684773085e-62	0.677497823440541	5.85262458995698e-63	0.257343488056432	0.0651586885030199
FCGR2A	./Data/GWAS/Nalls23andMe_2019	Fairfax_2014_IFN	389205	5131	2.01046872994782e-09	0.00045531055229755	4.4079737073945e-06	0.998271877223341	0.00126840224018399
VAMP4	./Data/GWAS/Nalls23andMe_2019	Fairfax_2014_IFN	389205	5045	5.46671302799316e-123	2.1939250265566e-119	2.42459127227476e-05	0.0964011759030648	0.903574578184203
NUCKS1	./Data/GWAS/Nalls23andMe_2019	Fairfax_2014_IFN	389205	3899	6.792075103638e-33	4.7408694750259e-10	1.43082503630486e-23	0.998714811913153	0.00128518761276638
ITPKB	./Data/GWAS/Nalls23andMe_2019	Fairfax_2014_IFN	389205	5289	1.09563092431688e-10	0.139120633595538	6.22596162073414e-10	0.790487547168195	0.0703918185041087
SIPA1L2	./Data/GWAS/Nalls23andMe_2019	Fairfax_2014_IFN	389205	5890	1.20240464833897e-22	6.10454142105298e-12	1.96968873722337e-11	0.99999999996438	9.8193545906473e-12
CRLS1	./Data/GWAS/Nalls23andMe_2019	Fairfax_2014_IFN	389205	5918	5.19592235228865e-55	7.84808434269709e-52	0.000661617432036308	0.999327742387644	1.06401803151364e-05
DYRK1A	./Data/GWAS/Nalls23andMe_2019	Fairfax_2014_IFN	389205	5277	2.01833075680682e-06	0.369046068852723	3.12312087522421e-06	0.570993861531954	0.0599549281636923
MAP4K4	./Data/GWAS/Nalls23andMe_2019	Fairfax_2014_IFN	389205	4768	4.01871384269725e-11	0.000385245389561384	7.44434015817051e-08	0.713349449208759	0.28626523091809
TMEM163	./Data/GWAS/Nalls23andMe_2019	Fairfax_2014_IFN	389205	486	9.78593037376402e-10	0.0108396426940286	8.8939864017533e-08	0.985161755160234	0.003998512227281
STK39	./Data/GWAS/Nalls23andMe_2019	Fairfax_2014_IFN	389205	4655	2.96040698798575e-43	9.21389111105938e-11	3.21298238916357e-33	0.999999999852918	5.49482739579477e-11
KCNS3	./Data/GWAS/Nalls23andMe_2019	Fairfax_2014_IFN	389205	5748	0.00593493769026873	0.533925850229728	0.00469920197788973	0.422722421957792	0.0327175881443219
KCNIP3	./Data/GWAS/Nalls23andMe_2019	Fairfax_2014_IFN	389205	880	0.000812226584931304	0.827501199836175	8.15597515879829e-05	0.0830049523406483	0.088600061486658
KPNA1	./Data/GWAS/Nalls23andMe_2019	Fairfax_2014_IFN	389205	4952	7.35990377713895e-10	0.000487388324586372	1.28559873196021e-06	0.851202239826181	0.14830908551451
MED12L	./Data/GWAS/Nalls23andMe_2019	Fairfax_2014_IFN	389205	4614	5.01566839200672e-06	0.621705451795401	2.3629961040432e-06	0.292814185772817	0.0854729837672871
SPTSSB	./Data/GWAS/Nalls23andMe_2019	Fairfax_2014_IFN	389205	0					
SATB1	./Data/GWAS/Nalls23andMe_2019	Fairfax_2014_IFN	389205	3765	2.41810640805838e-07	0.680010062501684	8.58666596324792e-08	0.241392135115501	0.0785974747055135
MCCC1	./Data/GWAS/Nalls23andMe_2019	Fairfax_2014_IFN	389205	3977	1.52916655058207e-44	9.09997679959703e-17	1.68040708702662e-28	1	2.10372005376489e-16
LINC00693	./Data/GWAS/Nalls23andMe_2019	Fairfax_2014_IFN	389205	0					
IP6K2	./Data/GWAS/Nalls23andMe_2019	Fairfax_2014_IFN	389205	2013	1.10620521617007e-05	0.242191747168786	3.20593425480233e-05	0.701848944800262	0.0559161866362422
TMEM175	./Data/GWAS/Nalls23andMe_2019	Fairfax_2014_IFN	389205	4903	3.74818838309328e-64	0.184051412333937	1.31025329291256e-63	0.64321533700618	0.172733250659895
CAMK2D	./Data/GWAS/Nalls23andMe_2019	Fairfax_2014_IFN	389205	4793	3.43208894141113e-10	0.000227517183561187	1.50798110646813e-06	0.999658171303071	0.000112803189051229
BST1	./Data/GWAS/Nalls23andMe_2019	Fairfax_2014_IFN	389205	5768	1.68994048671784e-29	3.79627017272463e-08	4.41395641862977e-24	0.00892440444152241	0.991075557595769
CLCN3	./Data/GWAS/Nalls23andMe_2019	Fairfax_2014_IFN	389205	4959	3.05797589290152e-06	0.0235181437233023	1.09659273413322e-05	0.0834432371363874	0.893024595237077
LCORL	./Data/GWAS/Nalls23andMe_2019	Fairfax_2014_IFN	389205	5416	2.75651121607317e-06	0.531894339647898	1.98883743594075e-06	0.383680161261529	0.0844207537419212
FAM47E-STBD1	./Data/GWAS/Nalls23andMe_2019	Fairfax_2014_IFN	389205	0					
SNCA	./Data/GWAS/Nalls23andMe_2019	Fairfax_2014_IFN	389205	5196	1.79767052128084e-159	1.31893340920644e-13	1.36297292088808e-146	0.999999999956685	4.31888047780707e-11
PAM	./Data/GWAS/Nalls23andMe_2019	Fairfax_2014_IFN	389205	4169	1.5404733822378e-06	0.0186022209833477	8.11854951894699e-05	0.980366865739574	0.000948187308506737
C5orf24	./Data/GWAS/Nalls23andMe_2019	Fairfax_2014_IFN	389205	0					
ELOVL7	./Data/GWAS/Nalls23andMe_2019	Fairfax_2014_IFN	389205	4140	8.25464168812228e-18	0.684976604851437	3.23258599805787e-18	0.268195679409202	0.046827715739361
FYN	./Data/GWAS/Nalls23andMe_2019	Fairfax_2014_IFN	389205	4392	0.00011824457267321	0.351454981159265	9.63421140850308e-05	0.285992588434176	0.362337843719799
RPS12	./Data/GWAS/Nalls23andMe_2019	Fairfax_2014_IFN	389205	4988	3.80174337196484e-05	0.650669910377729	1.61128204638263e-05	0.275697993688612	0.0735779656794757
LOC100131289	./Data/GWAS/Nalls23andMe_2019	Fairfax_2014_IFN	389205	0					
TRIM40	./Data/GWAS/Nalls23andMe_2019	Fairfax_2014_IFN	389205	1519	0.381137219640979	0.468864766699383	0.0553855215671653	0.0681072752430438	0.0265052168494291
HLA-DRB5	./Data/GWAS/Nalls23andMe_2019	Fairfax_2014_IFN	389205	2074	2.13805632810853e-66	2.14693564786051e-45	9.95864189147529e-22	1	1.70626102838692e-20
RIMS1	./Data/GWAS/Nalls23andMe_2019	Fairfax_2014_IFN	389205	5610	5.16115759911071e-05	0.633313855818187	2.7253841857589e-05	0.334393452145349	0.0322138266186161
GPNMB	./Data/GWAS/Nalls23andMe_2019	Fairfax_2014_IFN	389205	58	4.55484595231778e-27	1.40651118102978e-07	1.21699316527121e-21	0.0366166911550612	0.963383168193823
GS1-124K5.11	./Data/GWAS/Nalls23andMe_2019	Fairfax_2014_IFN	389205	0					
CTSB	./Data/GWAS/Nalls23andMe_2019	Fairfax_2014_IFN	389205	4860	2.13369123260086e-34	2.37954444737533e-24	8.9324781665807e-11	0.996167895924324	0.00383210398635723
FAM49B	./Data/GWAS/Nalls23andMe_2019	Fairfax_2014_IFN	389205	5733	0.00143773166676904	0.538823504258786	0.0010748545038549	0.402770923534567	0.0558929860360238
FGF20	./Data/GWAS/Nalls23andMe_2019	Fairfax_2014_IFN	389205	7196	2.38487904569363e-10	0.5236880944694	2.0528209040059e-10	0.450746925745918	0.0255649793409124
BIN3	./Data/GWAS/Nalls23andMe_2019	Fairfax_2014_IFN	389205	5480	0.000655822993713267	0.301560293132381	0.000457459277034586	0.209861295132196	0.487465129464675
SH3GL2	./Data/GWAS/Nalls23andMe_2019	Fairfax_2014_IFN	389205	6561	3.04130857874964e-12	0.602863836704744	1.84593554969307e-12	0.365879587056466	0.0312565762339016
UBAP2	./Data/GWAS/Nalls23andMe_2019	Fairfax_2014_IFN	389205	4539	0.000336764130165412	0.633766610562042	0.000166707689916581	0.313680198252426	0.0520497193654511
GBF1	./Data/GWAS/Nalls23andMe_2019	Fairfax_2014_LPS2	389205	3648	0.000522518739028992	0.703346919617992	0.000145567473842668	0.195843902013507	0.100141092155629
INPP5F	./Data/GWAS/Nalls23andMe_2019	Fairfax_2014_LPS2	389205	5630	8.82607334496554e-22	0.574323204207823	5.54228882110649e-22	0.360578298625599	0.0650984971665748
ITGA8	./Data/GWAS/Nalls23andMe_2019	Fairfax_2014_LPS2	389205	5844	1.13172139211823e-08	0.601310767324076	6.75767179703718e-09	0.359011661575164	0.0396775530258746
RNF141	./Data/GWAS/Nalls23andMe_2019	Fairfax_2014_LPS2	389205	6538	0.000127133951011322	0.610993938116372	6.87164368367706e-05	0.330186176998111	0.0586240344976681
IGSF9B	./Data/GWAS/Nalls23andMe_2019	Fairfax_2014_LPS2	389205	5866	2.34015500527685e-14	0.490996537687499	1.17204053636247e-14	0.245646783498113	0.263356678814351
DLG2	./Data/GWAS/Nalls23andMe_2019	Fairfax_2014_LPS2	389205	4665	9.46524874822119e-05	0.647431261075228	4.74965897544472e-05	0.324853238759356	0.0275733510881779
HIP1R	./Data/GWAS/Nalls23andMe_2019	Fairfax_2014_LPS2	389205	3889	1.72508346518699e-21	0.540994443079628	1.03514343923794e-21	0.324491429903673	0.134514127016698
FBRSL1	./Data/GWAS/Nalls23andMe_2019	Fairfax_2014_LPS2	389205	0					
LRRK2	./Data/GWAS/Nalls23andMe_2019	Fairfax_2014_LPS2	389205	539	5.65451991942317e-23	0.114562522467897	3.28040657674543e-22	0.66440064194094	0.221036835591165
SCAF11	./Data/GWAS/Nalls23andMe_2019	Fairfax_2014_LPS2	389205	0					
SP1	./Data/GWAS/Nalls23andMe_2019	Fairfax_2014_LPS2	389205	59	7.88043683014913e-05	2.43619017645438e-06	0.717328342016461	0.0219151037424606	0.260675313682601
CAB39L	./Data/GWAS/Nalls23andMe_2019	Fairfax_2014_LPS2	389205	4448	5.79674224978785e-11	1.64601361389259e-08	0.00350915714701434	0.996442468555138	4.83577797453768e-05
MBNL2	./Data/GWAS/Nalls23andMe_2019	Fairfax_2014_LPS2	389205	4161	0.000952053098932527	0.644715664925343	0.000450941086830032	0.305321784770007	0.0485595561188872
MIPOL1	./Data/GWAS/Nalls23andMe_2019	Fairfax_2014_LPS2	389205	4346	0.00163678905365124	0.532389274928892	0.00102556441942987	0.333448136331315	0.131500235266712
GCH1	./Data/GWAS/Nalls23andMe_2019	Fairfax_2014_LPS2	389205	4584	4.89630909970238e-13	0.00966794446160931	3.18338693201616e-11	0.628209469440582	0.362122586065483
ATG14	./Data/GWAS/Nalls23andMe_2019	Fairfax_2014_LPS2	389205	3094	5.08215278082362e-13	0.0100348979854057	3.13856215777219e-11	0.619350051217645	0.370615050765056
RPS6KL1	./Data/GWAS/Nalls23andMe_2019	Fairfax_2014_LPS2	389205	4245	0.00013121237678415	0.681115786048863	5.21774150816354e-05	0.270802016103469	0.0478988080558028
GALC	./Data/GWAS/Nalls23andMe_2019	Fairfax_2014_LPS2	389205	5173	1.61921696736257e-34	1.53201450555376e-29	1.05690288584111e-05	0.999983680628396	5.75034274029413e-06
VPS13C	./Data/GWAS/Nalls23andMe_2019	Fairfax_2014_LPS2	389205	4930	1.57083617542611e-12	0.555987449297497	7.87039466751131e-13	0.278401990862203	0.165610559837943
SYT17	./Data/GWAS/Nalls23andMe_2019	Fairfax_2014_LPS2	389205	3694	2.111771015873e-05	0.724499948189497	7.00819515572827e-06	0.240399946261575	0.0350719796436147
CD19	./Data/GWAS/Nalls23andMe_2019	Fairfax_2014_LPS2	389205	2204	0.00012423806966752	0.647467886800643	5.38139661803027e-05	0.280380024745974	0.0719740364175356
SETD1A	./Data/GWAS/Nalls23andMe_2019	Fairfax_2014_LPS2	389205	2263	3.93764434650197e-15	0.670303976134666	1.37273233368352e-15	0.233583687174433	0.0961123366908923
NOD2	./Data/GWAS/Nalls23andMe_2019	Fairfax_2014_LPS2	389205	4255	1.20914820823848e-10	2.66011682985191e-07	0.000454226994847754	0.999295672149765	0.000249834722788468
CASC16	./Data/GWAS/Nalls23andMe_2019	Fairfax_2014_LPS2	389205	3891	5.49075486432048e-08	0.625076967097807	3.04956816414046e-08	0.34714029643871	0.0277826510602547
CHD9	./Data/GWAS/Nalls23andMe_2019	Fairfax_2014_LPS2	389205	4375	5.38770074151122e-08	0.613345108207377	3.1564516442264e-08	0.359308531526056	0.0273462748250433
ATP6V0A1	./Data/GWAS/Nalls23andMe_2019	Fairfax_2014_LPS2	389205	3186	0.000151975102695961	0.664368614120916	6.6625667254736e-05	0.291214049712469	0.0441987353966649
RETREG3	./Data/GWAS/Nalls23andMe_2019	Fairfax_2014_LPS2	389205	2940	0.000153678712765499	0.671815625358034	6.47909464707878e-05	0.283192699555234	0.0447732054274963
FAM171A2	./Data/GWAS/Nalls23andMe_2019	Fairfax_2014_LPS2	389205	502	2.57731674552915e-19	0.904639595664716	1.09076107292671e-20	0.038228641908618	0.0571317624266632
CRHR1	./Data/GWAS/Nalls23andMe_2019	Fairfax_2014_LPS2	389205	286	6.78426981020521e-20	0.904594094588861	2.52249230958675e-21	0.0335723188090697	0.0618335866020705
WNT3	./Data/GWAS/Nalls23andMe_2019	Fairfax_2014_LPS2	389205	2374	5.70972890104416e-61	0.729344263202011	1.56184367926218e-61	0.199434174794002	0.0712215620039943
BRIP1	./Data/GWAS/Nalls23andMe_2019	Fairfax_2014_LPS2	389205	2776	3.40502437238708e-05	0.730492969987684	1.04045761100728e-05	0.223167076062781	0.0462954991297027
CHRNB1	./Data/GWAS/Nalls23andMe_2019	Fairfax_2014_LPS2	389205	4892	3.53162447605438e-06	0.000713480350761671	0.00480309689923088	0.970326823839008	0.0241530672865245
DNAH17	./Data/GWAS/Nalls23andMe_2019	Fairfax_2014_LPS2	389205	6642	5.60931134068235e-05	0.523365358666524	4.72126009067223e-05	0.440471487449434	0.0360598481697288
ASXL3	./Data/GWAS/Nalls23andMe_2019	Fairfax_2014_LPS2	389205	332	0.00584852618040374	0.929417940972549	0.000149164613941315	0.023663558588913	0.0409208096441938
RIT2	./Data/GWAS/Nalls23andMe_2019	Fairfax_2014_LPS2	389205	4859	4.75427018161908e-17	0.664903127921294	2.17619355870468e-17	0.304318332653103	0.030778539425605
MEX3C	./Data/GWAS/Nalls23andMe_2019	Fairfax_2014_LPS2	389205	4741	1.64554932060745e-05	0.0117083421747884	7.40819788794862e-05	0.0517740658395118	0.936427054513615
SPPL2B	./Data/GWAS/Nalls23andMe_2019	Fairfax_2014_LPS2	389205	5338	0.000237623206411343	0.456826336864314	0.000262420970575046	0.504461379844723	0.0382122391139766
KRTCAP2	./Data/GWAS/Nalls23andMe_2019	Fairfax_2014_LPS2	389205	2900	1.69561705087097e-62	0.745761980379405	4.01624315983524e-63	0.176563711258351	0.0776743083622535
FCGR2A	./Data/GWAS/Nalls23andMe_2019	Fairfax_2014_LPS2	389205	5131	8.56051091247077e-09	0.00193869762481083	3.14267009784097e-06	0.711433401840772	0.28662474930381
VAMP4	./Data/GWAS/Nalls23andMe_2019	Fairfax_2014_LPS2	389205	5045	2.2377978537909e-54	8.98082758444877e-51	4.56755144793558e-05	0.1824894945879	0.817464829897624
NUCKS1	./Data/GWAS/Nalls23andMe_2019	Fairfax_2014_LPS2	389205	3899	3.10115275228489e-30	2.16460510173469e-07	7.21703908955234e-25	0.049424368615658	0.950575414923839
ITPKB	./Data/GWAS/Nalls23andMe_2019	Fairfax_2014_LPS2	389205	5289	3.34685203073079e-10	0.424975386082766	4.1984614871595e-10	0.533068792750578	0.0419558204121262
SIPA1L2	./Data/GWAS/Nalls23andMe_2019	Fairfax_2014_LPS2	389205	5890	3.55522158203706e-31	1.80496619324849e-20	1.96968873725442e-11	0.999999999980162	1.42199785774048e-13
CRLS1	./Data/GWAS/Nalls23andMe_2019	Fairfax_2014_LPS2	389205	5918	4.89648512150197e-29	7.39580494296305e-26	0.000661617514408453	0.999327866929728	1.05155558708684e-05
DYRK1A	./Data/GWAS/Nalls23andMe_2019	Fairfax_2014_LPS2	389205	5277	1.86706477982498e-06	0.34138751290591	3.36047800381015e-06	0.614409698357353	0.0441975611939536
MAP4K4	./Data/GWAS/Nalls23andMe_2019	Fairfax_2014_LPS2	389205	4768	8.79372680044814e-09	0.084299177287559	9.42891460916081e-08	0.903870860954958	0.0118298586746114
TMEM163	./Data/GWAS/Nalls23andMe_2019	Fairfax_2014_LPS2	389205	486	1.95031775890275e-12	2.16032066843664e-05	9.02118745154243e-08	0.999254788382212	0.000723518197279104
STK39	./Data/GWAS/Nalls23andMe_2019	Fairfax_2014_LPS2	389205	4655	2.87366294225216e-53	8.94391127546055e-21	3.21298238963601e-33	1	2.13112133732731e-21
KCNS3	./Data/GWAS/Nalls23andMe_2019	Fairfax_2014_LPS2	389205	5748	0.00623727570251637	0.561125138355494	0.00417419826451695	0.375471145283768	0.0529922423937055
KCNIP3	./Data/GWAS/Nalls23andMe_2019	Fairfax_2014_LPS2	389205	880	0.000702322160565175	0.715529928866304	0.000138605114547911	0.141069142150995	0.142560001707588
KPNA1	./Data/GWAS/Nalls23andMe_2019	Fairfax_2014_LPS2	389205	4952	2.40518333399941e-07	0.159276304552005	2.00737321591456e-07	0.132223981660593	0.708499272531747
MED12L	./Data/GWAS/Nalls23andMe_2019	Fairfax_2014_LPS2	389205	4614	5.34889479002441e-06	0.663009751070828	2.27486798476029e-06	0.281920881980327	0.0550617431860692
SPTSSB	./Data/GWAS/Nalls23andMe_2019	Fairfax_2014_LPS2	389205	0					
SATB1	./Data/GWAS/Nalls23andMe_2019	Fairfax_2014_LPS2	389205	3765	2.50137513181873e-07	0.703426554786728	8.22060182953875e-08	0.231110963556232	0.0654621493135081
MCCC1	./Data/GWAS/Nalls23andMe_2019	Fairfax_2014_LPS2	389205	3977	8.49910294403343e-29	0.505776428203006	7.7142791907419e-29	0.459036859001544	0.0351867127954488
LINC00693	./Data/GWAS/Nalls23andMe_2019	Fairfax_2014_LPS2	389205	0					
IP6K2	./Data/GWAS/Nalls23andMe_2019	Fairfax_2014_LPS2	389205	2013	3.59156878067419e-05	0.786335397223998	7.37393139449097e-06	0.161392076198314	0.052229236958486
TMEM175	./Data/GWAS/Nalls23andMe_2019	Fairfax_2014_LPS2	389205	4903	9.75850129289028e-64	0.479182410713509	6.32573141137378e-64	0.310408930956514	0.210408658329966
CAMK2D	./Data/GWAS/Nalls23andMe_2019	Fairfax_2014_LPS2	389205	4793	5.26169400875033e-08	0.034880383989683	1.43375324732904e-06	0.950437088486379	0.0146810411537506
BST1	./Data/GWAS/Nalls23andMe_2019	Fairfax_2014_LPS2	389205	5768	3.79939776419346e-30	8.53493985136558e-09	2.08773864661969e-24	0.00369357468548324	0.99630641677958
CLCN3	./Data/GWAS/Nalls23andMe_2019	Fairfax_2014_LPS2	389205	4959	7.94041933122472e-05	0.610678205438178	4.49200459614088e-05	0.345425300830744	0.0437721694918051
LCORL	./Data/GWAS/Nalls23andMe_2019	Fairfax_2014_LPS2	389205	5416	3.02653884612415e-06	0.583998668893929	1.86710187592503e-06	0.360218801898063	0.0557776355672859
FAM47E-STBD1	./Data/GWAS/Nalls23andMe_2019	Fairfax_2014_LPS2	389205	0					
SNCA	./Data/GWAS/Nalls23andMe_2019	Fairfax_2014_LPS2	389205	5196	4.95768425038158e-155	3.63740480400485e-09	1.3629728128039e-146	0.999999920580652	7.5781937180564e-08
PAM	./Data/GWAS/Nalls23andMe_2019	Fairfax_2014_LPS2	389205	4169	6.58803354918375e-22	7.9554802660463e-18	8.28042086838592e-05	0.99991483293977	2.36285154305189e-06
C5orf24	./Data/GWAS/Nalls23andMe_2019	Fairfax_2014_LPS2	389205	0					
ELOVL7	./Data/GWAS/Nalls23andMe_2019	Fairfax_2014_LPS2	389205	4140	5.21520778123306e-18	0.432762008885745	6.29575241941111e-18	0.522381589247339	0.0448564018669147
FYN	./Data/GWAS/Nalls23andMe_2019	Fairfax_2014_LPS2	389205	4392	3.29686815882408e-05	0.0979918748445546	6.10802614734325e-05	0.180826036365398	0.721088039846985
RPS12	./Data/GWAS/Nalls23andMe_2019	Fairfax_2014_LPS2	389205	4988	1.74908387227367e-05	0.299356409695601	3.94630551404252e-05	0.675386579201872	0.0252000572086641
LOC100131289	./Data/GWAS/Nalls23andMe_2019	Fairfax_2014_LPS2	389205	0					
TRIM40	./Data/GWAS/Nalls23andMe_2019	Fairfax_2014_LPS2	389205	1519	0.381907998373343	0.469812957985626	0.0548974516701037	0.0675074958905605	0.0258740960803665
HLA-DRB5	./Data/GWAS/Nalls23andMe_2019	Fairfax_2014_LPS2	389205	2074	2.92162928091192e-61	2.93376276880974e-40	9.95864189147543e-22	1	1.80580387369815e-22
RIMS1	./Data/GWAS/Nalls23andMe_2019	Fairfax_2014_LPS2	389205	5610	5.33478061391292e-05	0.654618739238548	2.52830072911074e-05	0.310206909619122	0.0350957203288987
GPNMB	./Data/GWAS/Nalls23andMe_2019	Fairfax_2014_LPS2	389205	58	2.98815533199767e-20	0.922725802168964	1.66795187661085e-22	0.00507834708403427	0.0721958507469982
GS1-124K5.11	./Data/GWAS/Nalls23andMe_2019	Fairfax_2014_LPS2	389205	0					
CTSB	./Data/GWAS/Nalls23andMe_2019	Fairfax_2014_LPS2	389205	4860	2.2343353921424e-23	2.49178526616798e-13	5.41890380491268e-12	0.059492427909978	0.940507572084352
FAM49B	./Data/GWAS/Nalls23andMe_2019	Fairfax_2014_LPS2	389205	5733	0.00130574885522317	0.48935986465009	0.00128201180323205	0.480436234162624	0.0276161405288311
FGF20	./Data/GWAS/Nalls23andMe_2019	Fairfax_2014_LPS2	389205	7196	2.37750672796597e-10	0.522069230389231	1.98803614333637e-10	0.436505183148722	0.0414255860254924
BIN3	./Data/GWAS/Nalls23andMe_2019	Fairfax_2014_LPS2	389205	5480	0.0013660701738116	0.628145896077164	0.000737624661544549	0.33914369990914	0.0306067091783403
SH3GL2	./Data/GWAS/Nalls23andMe_2019	Fairfax_2014_LPS2	389205	6561	3.1727497886847e-12	0.628918789719456	1.69074041599907e-12	0.335111295700947	0.0359699145747343
UBAP2	./Data/GWAS/Nalls23andMe_2019	Fairfax_2014_LPS2	389205	4539	0.000278113171909157	0.52338959682835	0.000238450179353695	0.448719235917457	0.0273746039029297
GBF1	./Data/GWAS/Nalls23andMe_2019	Fairfax_2014_LPS24	389205	3648	0.000485503720994788	0.65352210575133	0.000213174455589681	0.286888898308674	0.0588903177634112
INPP5F	./Data/GWAS/Nalls23andMe_2019	Fairfax_2014_LPS24	389205	5630	7.39213693376808e-22	0.481015237899232	7.17038295114019e-22	0.466532987858997	0.0524517742417691
ITGA8	./Data/GWAS/Nalls23andMe_2019	Fairfax_2014_LPS24	389205	5844	1.17568733438378e-08	0.624670928812538	6.5456540386119e-09	0.347758755914355	0.0275702969705802
RNF141	./Data/GWAS/Nalls23andMe_2019	Fairfax_2014_LPS24	389205	6538	6.81214038457183e-05	0.32738512784838	4.24480347868469e-05	0.20353233321614	0.468971969496848
IGSF9B	./Data/GWAS/Nalls23andMe_2019	Fairfax_2014_LPS24	389205	5866	2.76354737599106e-14	0.579830049841703	1.81575691017715e-14	0.380931404068956	0.0392385460892952
DLG2	./Data/GWAS/Nalls23andMe_2019	Fairfax_2014_LPS24	389205	4665	8.37804993517192e-05	0.57306591502933	4.62595590833578e-05	0.316308919417106	0.110495125495128
HIP1R	./Data/GWAS/Nalls23andMe_2019	Fairfax_2014_LPS24	389205	3889	2.03753294252562e-21	0.638980096756397	9.70725337325035e-22	0.304367466074987	0.0566524371686146
FBRSL1	./Data/GWAS/Nalls23andMe_2019	Fairfax_2014_LPS24	389205	0					
LRRK2	./Data/GWAS/Nalls23andMe_2019	Fairfax_2014_LPS24	389205	539	5.29913927918246e-33	1.07362388210277e-11	4.53877635637164e-23	0.0910482215471818	0.908951778442076
SCAF11	./Data/GWAS/Nalls23andMe_2019	Fairfax_2014_LPS24	389205	0					
SP1	./Data/GWAS/Nalls23andMe_2019	Fairfax_2014_LPS24	389205	59	0.00015963577285821	4.9350449731416e-06	0.719022265052198	0.0219693018170045	0.258843862312966
CAB39L	./Data/GWAS/Nalls23andMe_2019	Fairfax_2014_LPS24	389205	4448	4.23189678800261e-05	0.0120166801032003	0.00263928262966686	0.749201247636521	0.236100470662732
MBNL2	./Data/GWAS/Nalls23andMe_2019	Fairfax_2014_LPS24	389205	4161	7.78064409556847e-08	5.26893209763858e-05	0.00147440794453129	0.998446277966421	2.6546961630463e-05
MIPOL1	./Data/GWAS/Nalls23andMe_2019	Fairfax_2014_LPS24	389205	4346	0.00180824107475273	0.588156520558801	0.00095150761267217	0.309391898956784	0.0996918317969896
GCH1	./Data/GWAS/Nalls23andMe_2019	Fairfax_2014_LPS24	389205	4584	2.10100533567323e-12	0.0414851319334972	4.81953420773153e-11	0.951628071339578	0.00688679667662704
ATG14	./Data/GWAS/Nalls23andMe_2019	Fairfax_2014_LPS24	389205	3094	2.16456485639264e-12	0.0427401309119523	4.81204565897194e-11	0.950149040933077	0.00711082810468569
