1 -0.376341463141283 0.487836334318946 -0.400297397025581 0.45133279960447 -0.864763242062264
-0.376341463141283 1 -0.915285351858535 0.9851377645684 -0.9377152808718 0.34238867755601
0.487836334318946 -0.915285351858535 1 -0.929426650663556 0.977413977175336 -0.436775657511995
-0.400297397025581 0.9851377645684 -0.929426650663556 1 -0.952533119108166 0.371355972920358
0.45133279960447 -0.9377152808718 0.977413977175336 -0.952533119108166 1 -0.39658323306708
-0.864763242062264 0.34238867755601 -0.436775657511995 0.371355972920358 -0.39658323306708 1
