1 0.531529598255271 -0.515360176652133 -0.76601465705132 -0.81913707326113 -0.522091711998116
0.531529598255271 1 0.0811485639275188 -0.397053311244763 -0.431144669934978 0.0792541702293444
-0.515360176652133 0.0811485639275188 1 0.388824749816487 0.428086874347242 0.993081069988829
-0.76601465705132 -0.397053311244763 0.388824749816487 1 0.760315359929688 0.394205459429398
-0.81913707326113 -0.431144669934978 0.428086874347242 0.760315359929688 1 0.43333393856523
-0.522091711998116 0.0792541702293444 0.993081069988829 0.394205459429398 0.43333393856523 1
