1 -1 0.846152064685146 0.845553208832736 -0.240212689946698 0.999477545440907
-1 1 -0.846152064685146 -0.845553208832736 0.240212689946698 -0.999477545440907
0.846152064685146 -0.846152064685146 1 0.999500656699781 0.314080696322524 0.845439769454835
0.845553208832736 -0.845553208832736 0.999500656699781 1 0.31423799097886 0.844841664070892
-0.240212689946698 0.240212689946698 0.314080696322524 0.31423799097886 1 -0.240579377456653
0.999477545440907 -0.999477545440907 0.845439769454835 0.844841664070892 -0.240579377456653 1
